uuid: b4d03b12-5903-3b1c-ae87-308c33bbd2bc
timestamps:
  login: 1412086913398
  logout: 1412087922687
ipAddress: 191.254.175.75
lastlocation:
  world: FamilyCraft
  x: 168.5
  y: 59.0
  z: 30.5
  yaw: 0.0
  pitch: 0.0
logoutlocation:
  world: FamilyCraft
  x: 67.73779412529004
  y: 11.0
  z: 83.57416859846877
  yaw: 94.94818
  pitch: 28.2
