uuid: 20b7d1c3-9aef-3214-ac14-ea56bfe1575d
timestamps:
  login: 1414148510519
  logout: 1414152301111
  lastteleport: 1414150594647
ipAddress: 177.182.194.1
lastlocation:
  world: FamilyCraft
  x: 162.59870043848284
  y: 64.0
  z: 74.40146870698491
  yaw: 34.94995
  pitch: 15.300024
logoutlocation:
  world: FamilyCraft
  x: 205.73341858782186
  y: 191.0
  z: 29.719268777407695
  yaw: 60.00009
  pitch: 36.45002
afk: false
